6493001
13117000
28281004
34189007
41769001
57177007
70790008
81765008
82120007
86699002
89777000
102905003
134405005
134420004
134439009
135879003
160245001
160250007
160252004
160253009
160254003
160255002
160256001
160257005
160258000
160259008
160266009
160267000
160268005
160269002
160270001
160271002
160273004
160274005
160279000
160280002
160281003
160282005
160288009
160290005
160291009
160292002
160297008
160298003
160299006
160301004
160302006
160303001
160305008
160306009
160308005
160309002
160310007
160311006
160313009
160314003
160316001
160318000
160319008
160320002
160321003
160324006
160325007
160327004
160328009
160329001
160331005
160332003
160333008
160336000
160337009
160338004
160339007
160340009
160341008
160342001
160343006
160344000
160346003
160347007
160348002
160350005
160352002
160353007
160354001
160357008
160362009
160363004
160364005
160377001
160378006
160379003
160381001
160386006
160389004
160390008
160391007
160392000
160393005
160394004
160396002
160397006
160398001
160401003
160402005
160403000
160406008
160407004
160408009
160409001
160410006
160413008
160414002
160417009
160418004
160419007
160421002
160422009
160423004
160424005
160425006
160430005
160436004
160442000
160447006
160452001
160457007
160469004
160471004
160472006
160473001
160474007
160475008
160859003
160861007
160888002
160890001
160891002
160953001
161062006
161067000
161413004
161414005
161415006
161416007
161417003
161419000
161420006
161421005
161422003
161423008
161424002
161432005
161436008
161442007
161443002
161445009
161449003
161450003
161451004
161453001
161456009
161457000
161458005
161460007
161461006
161464003
161465002
161466001
161467005
161468000
161469008
161470009
161471008
161472001
161473006
161474000
161478002
161479005
161480008
161481007
161482000
161483005
161487006
161488001
161489009
161490000
161491001
161494009
161496006
161497002
161500008
161501007
161502000
161503005
161504004
161505003
161508001
161509009
161511000
161512007
161513002
161514008
161515009
161523006
161524000
161525004
161527007
161528002
161532008
161533003
161535005
161536006
161538007
161539004
161541003
161542005
161546008
161547004
161548009
161549001
161550001
161551002
161554005
161555006
161556007
161558008
161560005
161561009
161562002
161563007
161567008
161568003
161570007
161572004
161573009
161574003
161575002
161576001
161577005
161579008
161580006
161581005
161582003
161583008
161584002
161586000
161587009
161589007
161611007
161614004
161615003
161616002
161617006
161618001
161619009
161621004
161622006
161624007
161625008
161626009
161627000
161632004
161633009
161635002
161636001
161637005
161638000
161646004
161647008
161648003
161649006
161650006
161651005
161652003
161653008
161656000
161659007
161660002
161663000
161664006
161665007
161666008
161667004
161668009
161669001
161670000
161671001
161672008
161674009
161675005
161676006
161677002
161678007
161679004
161680001
161681002
161682009
161685006
161686007
161687003
161689000
161692001
161693006
161696003
161697007
161700006
161701005
161743003
161744009
161745005
161747002
161748007
161749004
161750004
161751000
161752007
161755009
161763005
161765003
161769009
161772002
161773007
161774001
161775000
161779006
161780009
161781008
161782001
161783006
161786003
161787007
161788002
161792009
161794005
161796007
161797003
161798008
161800001
161804005
161805006
161806007
161807003
161808008
161809000
161810005
161811009
161813007
161851007
161869003
161881004
161886009
161890006
161915001
161922009
161928008
161938003
161953006
161962008
161966006
161971004
161980004
162001003
162005007
162010006
162019007
162023004
162037008
162056003
162062008
162069004
162075008
162085009
162104009
162111008
162139009
162154003
162157005
162161004
162185007
162235006
162258009
162264002
162271007
162275003
162293002
162298006
162350004
162357001
162363005
162368001
162372002
162376004
162379006
162387007
162395006
162406001
162467007
162572001
162573006
162591001
162592008
162593003
162594009
162596006
165768008
165928001
167056009
169450001
169818001
170640003
170987007
170988002
183044001
224963002
225438003
225874001
228333007
228367002
228368007
228392004
228393009
228396001
228409000
228416004
228426006
228431008
228439005
237149005
237152002
237153007
240592007
247079003
248541003
248553004
249080008
251705002
266882009
266883004
266885006
266886007
266887003
266888008
266889000
266890009
266891008
266893006
266894000
266895004
266896003
266897007
266898002
266899005
266900000
266901001
266902008
266903003
266904009
266906006
266907002
266908007
266966009
266967000
266969002
266970001
266987004
266990005
266991009
266992002
266993007
266995000
266996004
266997008
266998003
266999006
267000009
267002001
267003006
267004000
267005004
267006003
267007007
267008002
267009005
267010000
267015005
267016006
267017002
267018007
267020005
267021009
270473001
270891002
271396005
271679004
271682009
271738005
271902005
271903000
272058002
274541004
274547000
274621000
274807004
274808009
274810006
274823004
274826007
274827003
274829000
274831009
274832002
275101005
275102003
275104002
275105001
275106000
275108004
275109007
275110002
275114006
275117004
275118009
275119001
275120007
275121006
275122004
275123009
275124003
275125002
275127005
275128000
275129008
275130003
275131004
275132006
275133001
275134007
275136009
275140000
275141001
275526006
275528007
275529004
275531008
275536003
275538002
275540007
275542004
275543009
275544003
275545002
275546001
275547005
275548000
275549008
275550008
275551007
275552000
275553005
275554004
275555003
275556002
275557006
275559009
275560004
275561000
275562007
275563002
275564008
275565009
275566005
275568006
275569003
275571003
275572005
275573000
275574006
275881005
275903009
275904003
275905002
275907005
275911004
275932007
275937001
275938006
275939003
275940001
276451003
278036006
278683009
281007007
281020005
281022002
281575007
281576008
281633000
281666001
285341004
289225008
289424009
289432001
289446001
289490006
289493008
289542001
289595003
289658007
289668002
289672003
289801009
289805000
289816007
289843002
289916006
289917002
290000000
290081003
290082005
290083000
290105008
290106009
290117005
297124008
297125009
297239000
297240003
297241004
297242006
297243001
297244007
297245008
297246009
297247000
297249002
297250002
297973003
298252007
298291002
298295006
298296007
298297003
298311000
298320009
298322001
298730002
298741000
299052005
299054006
299316003
299730006
299731005
299883008
299887009
299951001
300106007
300134000
300190006
300289009
300334008
300349000
300353003
300406002
300420009
300426003
300432008
300434009
300436006
300447004
300460005
300502003
300508004
300536009
300540000
300567006
300870000
300890009
300933005
300934004
301125003
301131000
301196008
301212004
301214003
301281001
301909009
302062002
302063007
302064001
304242000
308064009
308065005
308066006
308067002
308068007
308069004
308070003
308071004
308746008
309580001
309582009
309631001
309634009
309635005
309636006
309738002
310247005
310251007
310436000
310479003
310595000
310596004
312442005
312489007
312824007
312850006
313102001
313185002
313214000
313215004
313216003
313217007
313342001
313376005
313389004
314550003
314641006
314940005
315213009
315215002
315216001
315261002
315262009
315263004
315264005
315265006
315266007
315267003
315268008
315269000
315270004
315271000
315272007
315273002
315274008
315275009
315276005
315277001
315604002
371397000
371422002
371434005
371435006
371622005
372284002
373140001
373572006
390794009
390839009
390867000
390915000
390926006
390933006
391083006
391092009
391093004
391094005
391095006
391098008
394698008
394699000
394705009
394707001
394877006
394885002
394886001
394887005
394926003
394927007
394964001
394966004
394967008
394988004
394989007
394990003
395089003
395100000
395125009
395172009
395666005
395681004
395682006
395683001
397589008
397601001
397606006
397612001
397614000
397657005
397658000
397680002
397682005
397687004
397712006
397715008
397719002
397942001
399211009
399261000
400998002
401018007
401052005
401119001
401172002
401187007
401204006
401228008
401244004
401268007
405741001
406136005
406140001
406141002
407553003
407559004
407586004
407613009
407614003
407615002
407624006
407625007
407637009
408337004
408338009
408346005
408552005
408553000
408575003
409137002
410587003
410588008
410593006
410594000
412716005
412732008
412749001
412750001
412758008
412783008
412784002
413076004
413141003
413154005
413164001
413178000
413241009
414205003
414371008
414372001
414415007
414416008
414417004
414861001
414862008
415076002
415077006
415078001
415079009
415080007
415081006
415082004
415083009
415085002
415086001
415087005
415289003
415683005
415685003
416471007
416519002
416940007
417001009
417113001
417312002
417648007
417662000
418404007
420209000
420259009
420697001
421711004
424825007
425426005
425457005
425978000
426519003
426893008
426980004
427040000
427261003
427390007
427730008
427749007
427762006
427813004
427816007
427817003
427818008
427836008
427844008
427846005
427851004
427852006
427858005
427875004
427891001
427892008
427893003
427894009
427902001
427918007
427920005
427932009
427934005
427951003
427956008
427958009
427959001
427964002
428030001
428037003
428043001
428046009
428047000
428052005
428053000
428064002
428069007
428071007
428072000
428075003
428076002
428077006
428078001
428079009
428117004
428197003
428227003
428249009
428250009
428251008
428262008
428265005
428267002
428269004
428275008
428276009
428283002
428287001
428292004
428298000
428300000
428301001
428305005
428307002
428308007
428309004
428310009
428316003
428323002
428340006
428374005
428375006
428405009
428448003
428449006
428456000
428485006
428486007
428529004
428534000
428535004
428536003
428540007
428548000
428582006
428583001
428607008
428608003
428615006
428642007
428644008
428653001
428655008
428656009
428661006
428662004
428664003
428667005
428748002
428804004
428810004
428833003
428834009
428835005
428837002
428838007
428846008
428847004
428848009
428863007
428878000
428880006
428882003
428888004
428890003
428892006
428900007
428903009
428904003
428912006
428913001
428932007
428934008
428935009
428941002
428942009
428944005
428951001
428978004
428979007
428984001
428994006
429000004
429006005
429007001
429009003
429010008
429011007
429014004
429016002
429023001
429024007
429025008
429031006
429032004
429046004
429047008
429050006
429074009
429084005
429087003
429089000
429090009
429105007
429117009
429124005
429125006
429144004
429149009
429154000
429155004
429164009
429203008
429205001
429208004
429217004
429218009
429219001
429226001
429235008
429236009
429242008
429244009
429247002
429251000
429252007
429254008
429255009
429258006
429259003
429277008
429278003
429280009
429281008
429285004
429286003
429290001
429333003
429355006
429357003
429363007
429364001
429367008
429371006
429372004
429405004
429406003
429409005
429410000
429423007
429444007
429474004
429479009
429484003
429495009
429498006
429508000
429517000
429521007
429538006
429625007
429635001
429637009
429654001
429676005
429677001
429680000
429699009
429716007
429721005
429740004
429746005
429756009
429763009
429789009
429950008
429951007
429952000
429953005
429954004
429958001
429959009
429961000
429962007
429963002
429964008
429965009
429969003
429970002
429971003
429976008
429977004
429978009
429993008
430041006
430080003
430086009
430088005
430089002
430090006
430091005
430102007
430168009
430187003
430283008
430288004
430289007
430298005
430301009
430305000
430329007
430330002
430331003
430334006
430336008
430337004
430527008
430534005
430542006
430543001
430544007
430545008
430552005
430560006
430564002
430565001
430568004
430674005
430677003
430678008
430679000
430681003
430682005
430685007
430693007
430695000
430696004
430703009
430705002
430709008
430710003
430711004
430716009
430719002
430722000
430723005
430726002
430727006
430728001
430729009
430730004
430753003
430754009
430777009
430778004
430781009
430786004
430801003
430802005
430805007
430807004
430808009
430809001
430813008
430814002
430815001
430954001
431170009
431310008
431330007
431331006
431479003
431526005
431545001
431572009
431573004
431691000
431812006
431882002
431912005
431956005
432006000
432007009
432160005
432218001
432220003
432250006
432327003
432745001
432805000
433163001
433164007
433276002
433277006
433278001
433279009
433305001
433306000
433380009
433381008
433442009
433448008
433449000
433450000
433491003
433492005
433495007
433496008
433506004
433807000
433845004
433874008
433977002
434193002
434298003
434462008
438553004
438618001
438759003
438760008
438998000
439124004
439142009
439154009
439220002
439456001
439589003
439597005
439626001
439627005
439631004
439633001
439720003
439750006
439763000
439956007
440139006
440140008
440234007
440565004
440697006
440700005
440706004
440935004
440991005
441120009
441195008
441196009
441467001
441482006
441484007
441493008
441494002
441511006
441547007
441576005
441586006
441638006
441882000
441899004
441977006
441983009
442029006
442210006
442311008
442327001
442342003
442365008
442414004
442418001
442423001
442461003
442503004
443454007
443494009
443508001
443720007
443847005
443868006
443877004
443895001
444052006
444055008
444191003
444192005
444193000
444242001
444294004
444302009
444433005
444966004
445087001
445585003
460616007
472953006
472954000
472955004
472956003
472957007
472958002
472959005
472960000
472961001
472962008
472966006
472967002
472968007
472969004
472970003
472971004
472972006
472973001
472974007
472975008
473057004
473058009
473059001
473061005
473062003
473063008
473064002
473066000
473067009
473068004
473070008
473071007
473073005
473074004
473087005
473089008
473093002
473096005
473097001
473099003
473102003
473103008
473107009
473108004
473109007
473110002
473111003
473113000
473114006
473116008
473117004
473118009
473120007
473122004
473123009
473124003
473126001
473127005
473128000
473129008
473130003
473131004
473134007
473136009
473137000
473139002
473140000
473143003
473146006
473151000
473155009
473158006
473159003
473162000
473164004
473165003
473166002
473168001
473169009
473170005
473171009
473173007
473304009
473316003
473337006
473342003
473361004
473384006
473385007
473386008
473387004
473388009
473389001
473390005
473442002
608837004
608844008
608846005
608848006
608850003
608851004
609415007
609416008
609418009
609419001
609420007
609421006
609422004
609423009
609424003
609425002
609426001
609427005
609550002
697949003
697950003
697951004
697956009
697957000
697958005
697959002
697994009
698248002
698298001
698362007
698367001
698417007
698418002
698419005
698420004
698421000
698422007
698423002
698424008
698426005
698427001
698446000
698447009
698448004
698450007
698452004
698453009
698454003
698455002
698457005
698458000
698545003
698546002
698547006
698548001
698549009
698550009
698551008
698589003
698590007
698593009
698600006
698650004
698751005
698752003
698944006
699005005
699008007
699009004
699010009
699015004
699029003
699032000
699057005
699093007
699111006
699196002
699304000
699429007
700102000
700143000
700144006
700145007
700146008
700190003
700191004
700192006
700193001
700217006
700236001
700239008
700253008
700254002
700255001
700363003
700409000
700424009
700426006
700427002
700428007
702562003
702564002
702566000
702579009
702953007
702954001
703151001
703154009
704006006
704007002
704008007
704009004
704035003
704240001
704450003
704502000
705002000
705106004
705133000
707199000
707289003
707290007
707312001
707313006
707315004
707316003
707317007
707319005
707321000
707322007
707855006
707860005
708021007
708167009
709046002
709090007
709269007
709270008
709271007
709272000
709273005
709274004
709275003
709276002
709277006
709278001
709313000
709473008
709881001
710320006
710337004
710348006
710350003
710555007
710742009
710744005
710745006
710746007
710747003
710753003
710754009
710755005
710757002
710851008
710922005
710983003
710989004
712781003
713031009
713649008
713651007
713656002
713665009
714327004
715162008
715200006
715477006
716186003
716220001
717781006
717803002
717804008
717805009
717806005
717807001
717808006
718311001
719594003
720400005
720411002
720428004
720729008
720741001
720810005
721103006
721901009
722193000
722227004
722228009
722545003
722811001
723073000
725051009
725117008
725118003
725263009
725367007
725924008
725941005
725942003
725943008
725944002
725948004
725949007
725950007
725951006
725953009
725954003
726001007
726513006
726565008
726596004
726597008
726623007
726624001
726625000
726626004
726627008
726630001
733740006
733827009
733866001
733899004
734930006
734931005
734936000
735199000
735934008
736725001
736726000
736734006
737014005
737015006
737055008
737366005
737367001
739677000
739678005
739679002
739682007
739684008
740604001
741021002
762296001
762615006
762616007
762996008
762997004
762999001
763016003
763017007
763598005
764789000
764793006
765378003
766035009
771385008
771412001
771989007
771993001
772145009
772146005
772147001
772148006
772150003
772151004
772152006
772153001
772154007
772155008
772156009
772157000
772158005
772159002
772160007
772161006
772162004
772163009
772164003
772165002
772166001
772168000
772169008
772170009
772211009
772212002
772993004
772995006
773112003
773114002
773115001
773116000
781073000
782387008
783680006
784266000
786044002
787771002
787772009
787773004
787774005
788921007
789064006
789240000
789395008
789474004
789475003
789544005
789554009
789642001
789775004
789776003
816150000
836340003
840544004
840596001
846714008
846715009
846719003
846720009
846721008
846722001
846723006
846725004
846726003
846727007
846728002
846729005
846730000
846732008
846733003
846734009
846735005
846736006
846737002
846738007
846739004
846740002
846741003
846750001
846751002
846752009
846753004
846754005
846755006
846756007
846757003
860635002
860636001
860638000
860639008
860640005
860641009
860642002
860643007
860646004
860706000
860707009
860709007
860710002
860711003
860713000
860714006
860715007
860716008
860717004
860718009
860719001
860944004
860945003
860981000
865996004
866213007
866214001
866215000
866224009
868252007
871480003
871484007
874908001
890316000
895699003
895701003
897707000
1003774007
1010194003
321000119108
461000119108
841000119107
851000119109
861000119106
931000122109
1201000119107
1211000119105
1231000119100
1241000119109
1251000119106
1301000119100
1311000119102
1321000119109
1331000119107
1351000119101
1361000119104
1421000119104
1881000119103
1901000119101
2631000119108
7831000175106
12481000132103
12591000132100
13961000119104
15011000119104
15071000119107
15081000119105
15111000119100
17561000119102
19501000175107
29371000119104
30801000119107
31881000119108
32271000119102
33711000119109
36511000119106
36601000119109
36791000119109
37251000119108
39601000119102
43991000119102
48811000119106
48901000119103
48951000119104
49071000119104
49081000119101
49101000119108
49111000119106
49121000119104
49191000119102
49201000119104
49221000119108
49231000119106
49241000119102
49291000119105
49341000119108
53261000119103
53271000119109
53281000119107
53371000119101
53391000119100
59141000119107
59151000119109
59161000119106
59211000119103
59221000119105
59251000119102
59261000119100
59271000119106
59301000119108
59321000119104
59351000119107
59371000119103
59381000119100
59391000119102
59601000119103
59641000119101
59651000119104
59701000119109
59711000119107
59721000119100
59741000119106
59801000119102
59851000119103
60681000119105
60851000119102
60861000119100
60911000119109
61531000119104
61611000119105
63581000119104
63881000119101
63901000119104
63921000119108
63931000119106
63941000119102
64021000119106
64041000119100
64081000119105
64111000119100
64121000119107
64131000119105
64161000119102
64181000119106
64251000119106
64371000119105
64391000119106
64431000119101
64501000119109
64521000119100
64571000119104
64651000119109
64731000119106
64831000119104
64841000119108
64851000119105
64861000119107
64911000119103
64921000119105
64971000119106
65001000119101
65011000119103
65021000119105
65031000119108
65071000119106
65171000119107
65181000119105
65191000119108
65201000119106
65291000119100
65321000119108
65331000119106
65371000119109
65381000119107
65391000119105
65411000119105
65421000119103
65431000119100
65441000119109
65451000119106
65501000119108
67231000119106
69141000119102
69191000119105
69221000119104
69311000119103
69321000119105
69411000119107
69551000119109
69591000119104
69671000119101
69711000119102
69731000119107
69741000119103
69751000119101
69831000119100
69911000119104
70301000119104
70311000119101
70321000119108
70561000119109
70661000119105
70861000119106
70871000119100
71201000119102
71221000119106
71231000119109
71241000119100
71251000119103
71261000119101
71271000119107
73711000119107
73721000119100
73731000119102
73741000119106
73751000119108
73761000119105
73771000119104
73781000119101
73791000119103
73801000119102
73831000119109
73841000119100
73851000119103
73861000119101
73881000119105
73891000119108
73901000119107
73941000119109
74131000119101
74171000119103
74751000119106
76561000119107
76571000119101
76651000119106
76661000119108
77941000119104
78241000119105
78991000119108
79001000119108
79081000119100
80541000119104
81651000119109
82031000119102
82981000119102
82991000119104
85851000119107
85881000119100
85921000119107
85931000119105
85951000119104
86011000119108
87331000119102
87341000119106
87661000119103
88581000119107
88591000119105
88611000119100
88621000119107
88701000119109
88801000119102
88811000119104
88831000119109
88851000119103
89181000119105
90171000119101
90221000119106
93471000119103
93871000119101
93911000119103
93931000119108
93961000119100
94001000119104
94461000119106
94671000119102
94691000119101
94721000119105
94741000119104
94761000119100
96261000119103
96271000119109
96331000119104
96601000119101
97021000119102
97121000119101
97131000119103
97531000119106
97631000119105
97641000119101
97681000119106
98011000119108
98041000119107
98241000119103
98251000119101
99021000119109
99051000119101
102191000119109
103011000119106
105651000119100
106821000119101
107701000119101
107921000119107
108281000119102
108521000119103
108631000119101
108801000119109
108891000119103
108941000119102
108951000119100
108981000119107
109001000119105
109011000119108
109201000119100
109211000119102
109241000119103
109271000119105
109331000119100
111981000119100
112031000119107
112071000119105
112101000119101
112371000119108
112561000119108
113621000119107
115451000119100
115561000119102
116351000119103
117351000119101
117361000119104
117781000119107
117871000119101
117881000119103
118321000119105
118361000119100
118501000119105
118651000119105
118951000119103
118961000119101
118971000119107
119471000119107
119481000119105
119491000119108
119511000119103
119521000119105
119541000119104
119751000119105
119771000119101
119981000119101
120481000119109
120991000119102
122321000119101
122331000119103
122341000119107
122421000119106
122571000119106
123351000119101
123361000119104
123381000119108
124361000119101
125211000119106
125411000119107
125701000119100
125711000119102
125731000119107
125771000119105
125781000119108
125791000119106
125961000119101
125981000119105
126111000119106
126131000119101
126151000119107
126421000119107
126731000119100
128131000119102
128161000119105
128731000119101
129851000119108
130041000119106
130541000119100
130591000119108
130771000119102
131461000119105
131471000119104
133581000119103
134461000119108
134481000119104
134591000119102
134651000119108
134671000119104
136071000119101
136611000119100
137401000119102
137461000119101
137721000119102
137731000119104
137741000119108
137751000119105
137761000119107
137771000119101
137871000119109
137961000119105
137971000119104
138081000119104
138091000119101
138141000119108
138381000119101
138701000119105
138711000119108
138721000119101
138731000119103
138741000119107
138751000119109
139271000119102
139281000119104
139301000119100
139351000119101
139461000119109
139611000119108
139621000119101
139941000119104
140221000119109
140491000119105
140641000119100
140701000119108
140711000119106
140731000119101
141281000119101
141721000119105
141811000119106
141821000119104
141831000119101
141911000119100
141951000119104
141961000119102
142021000119102
142461000119104
142471000119105
142541000119102
142551000119100
142881000119105
143341000119101
143351000119104
143481000119103
143491000119100
143501000119107
143591000119101
143691000119102
144101000119103
144171000119108
144691000119104
144701000119104
144711000119101
144811000119109
144931000119108
151181000119106
152451000119104
152621000119105
152711000119105
152861000119104
152891000119106
153351000119102
154031000119107
154051000119101
154081000119108
154141000119104
180301000119102
182131000119106
285681000119105
285691000119108
285701000119108
285721000119104
285731000119101
285741000119105
286511000119109
286521000119102
286541000119108
286771000119106
286781000119109
286791000119107
288001000119103
288371000119106
288391000119107
288411000119107
293201000119102
293581000119108
293611000119101
293711000119108
293771000119100
328001000119104
328021000119108
328191000119106
328201000119109
329281000119107
329351000119105
347861000119105
347931000119106
347941000119102
350351000119100
350391000119105
369101000119101
369111000119103
672261000119100
672281000119109
672291000119107
674191000119109
674591000119103
674601000119105
674611000119108
674621000119101
681201000119104
681211000119101
681221000119108
681291000119105
681341000119108
681361000119107
690051000119100
690071000119109
690461000119106
690471000119100
690481000119102
690491000119104
690501000119106
690511000119109
690651000119106
690711000119103
690731000119108
691161000119105
691171000119104
691191000119103
691201000119100
691291000119106
691371000119102
691491000119105
691501000119103
1078401000119107
1078411000119105
1078431000119100
1078651000119108
1078681000119101
1078711000119100
1078721000119107
1078731000119105
1081901000112109
1087151000119108
1098861000119103
1098871000119109
1098881000119107
1098931000119102
1098941000119106
1098951000119108
1098961000119105
1098971000119104
1098991000119103
1099001000119103
1099061000119102
1099291000119102
1099381000119109
1099601000119106
1099621000119102
10624401000119102
10624451000119103
10624491000119108
10691841000119107
10738811000119103
10738891000119107
10743431000119102
10743471000119104
10761511000119101
10824251000119108
10839421000119104
10878431000119105
10878471000119108
10939931000119100
10977641000119108
10978131000119107
10979621000119105
10981821000119103
10981871000119102
10981911000119104
10982181000119101
10982491000119105
10987721000119102
10987871000119109
10987961000119105
10988171000119101
10988211000119104
10988321000119100
10988361000119105
10989151000119104
10989261000119108
10989301000119100
10995411000119108
10995641000119109
10995681000119104
10995761000119100
10995991000119109
10996051000119109
10996231000119107
10996271000119105
10996311000119105
10996571000119108
10996611000119104
10996811000119103
10997011000119105
10997051000119106
10997211000119104
10997251000119103
10997291000119108
10997331000119102
10997371000119104
10997411000119103
10997451000119102
10997491000119107
10997571000119105
10997931000119101
10997971000119103
10998411000119102
10998451000119101
10998491000119106
10998621000119107
10998661000119102
11001921000119108
11003051000119102
11006841000119102
11006881000119107
11007001000119105
11007231000119107
11007271000119105
11007311000119105
11007491000119105
11007571000119108
11007811000119103
11007851000119102
11007891000119107
11007931000119104
11008281000119107
11008321000119102
11008601000119101
11008651000119102
11008731000119100
11008891000119106
11012891000119106
11012931000119103
11013011000119100
11018891000119108
11019311000119101
11718821000119109
11856761000119101
12147341000119108
12242871000119109
12242911000119107
12275951000119104
12399131000119105
12399291000119101
12399331000119107
12399371000119105
12399411000119106
12399491000119102
12399531000119102
12618061000119101
13016271000119104
13016311000119104
13016361000119101
14580001000004104
15627741000119108
15627801000119104
15627891000119105
15628411000119103
15636891000119105
15638251000119100
15647781000119101
15647891000119108
15651431000119103
15663121000119104
15758941000119102
15912911000119102
15912951000119101
16087491000119106
16087651000119104
16087691000119109
16087771000119104
16087811000119104
16087891000119108
16088211000119102
16088251000119101
16088371000119102
16088491000119105
16088531000119105
16088571000119108
16089091000119106
16089131000119108
16089171000119106
16089211000119108
16089411000119109
16089571000119102
16089691000119102
16093531000119101
16093611000119107
16093661000119105
16093711000119100
16093761000119102
16094781000119108
16098821000119109
16098861000119104
16207521000119100
16207561000119105
16207601000119105
16207641000119107
16207681000119102
16207721000119108
16216731000119106
16216781000119107
16216821000119102
16235071000119108
16236401000119103
16279601000119105
16279641000119107
16300891000119109
16347661000119105
16347701000119103
16360861000119103
16409881000119106
16410191000119105
16464661000119103
16466241000119109
16468501000119108
16475351000119103
16475431000119103
16475471000119100
16519911000119101
16524291000119105
16524331000119104
16535321000119101
16535401000119102
16535441000119100
16535531000119108
16535611000119102
16535651000119101
16535691000119106
16535771000119101
16540531000119103
16542721000119108
16615741000119105
16688121000119106
16697921000119109
16697961000119104
16698001000119102
16715451000119109
16775141000119108
16775181000119103
16783651000119107
16829501000119100
16833281000119106
16845421000119109
16847701000119100
16847741000119103
16847781000119108
16847821000119103
16847901000119102
16847941000119100
16847981000119105
16848021000119108
16848061000119103
16848101000119100
16848141000119103
16848181000119108
16848221000119100
16848261000119105
16848301000119102
16848341000119100
16848381000119105
16848421000119101
16848461000119106
16848501000119106
16848701000119101
16848741000119104
16848781000119109
16848821000119104
16848861000119109
16848901000119103
16848941000119101
16849021000119100
16851191000119103
16862331000119101
16864911000119103
16880891000119105
16880931000119102
16885661000119108
16890881000119106
16890921000119104
16894981000119106
16896851000119101
16896891000119106
16900351000119101
16912131000119107
16915451000119104
16915501000119102
16915541000119100
16916061000119102
16916101000119104
16916751000119101
16916791000119106
292508471000119105
311030311000119106
360679851000119101
387785661000119105
418429061000132101
619792361000119102
688232241000119100
776219771000119107
927778271000119101
934589301000119108
